%YAML:1.0
cameraMatrix: !!opencv-matrix
   rows: 3
   cols: 3
   dt: d
   data: [ 5.3861457315155928e+02, 0., 3.1013010257096545e+02, 0.,
       5.3811239332913271e+02, 2.2706622282187857e+02, 0., 0., 1. ]
distCoeffs: !!opencv-matrix
   rows: 1
   cols: 5
   dt: d
   data: [ -1.2054914520367005e-01, 1.4743754398718936e-01,
       -4.0763258008638410e-03, 1.8379108317725899e-03,
       1.8003214116660412e-03 ]
